Equity: 100000, Time Stamp: 2022-08-10 11:40:05.161623281-04:00 
Equity: 100000, Time Stamp: 2022-08-10 11:50:38.046725447-04:00 
